"listData.baseMean";"listData.log2FoldChange";"listData.lfcSE";"listData.stat";"listData.pvalue";"listData.padj"
"ENSMUSG00000000308";597.485171210918;-0.749223096353178;0.185619653147128;-4.03633496588489;5.42926855282013e-05;0.0205810253763602
"ENSMUSG00000006546";56.2581097370086;-5.59275257977868;1.5098222464574;-3.70424571031546;0.000212020673256924;0.0581477972348742
"ENSMUSG00000011034";395.471721495367;-0.920312032554969;0.230257611969067;-3.99687994974344;6.41828293014396e-05;0.0234454040635495
"ENSMUSG00000011171";191.557067868621;0.71323635023187;0.20452686935759;3.48725012254925;0.000488014717894844;0.0982895561488443
"ENSMUSG00000011463";82.5043137504627;7.87860394155121;1.38107308806839;5.7046973180619;1.16550009947301e-08;1.80123557680863e-05
"ENSMUSG00000012819";56.8594037311499;1.08961179058001;0.302100139489209;3.60679009424598;0.000310008240040148;0.0737912614189828
"ENSMUSG00000014813";144.373453733669;1.01687613968283;0.256867415244634;3.95875879669045;7.534027544415e-05;0.0265554644552354
"ENSMUSG00000019929";40791.9206940222;0.566402975683085;0.132802062641979;4.26501640422596;1.99887515131373e-05;0.009794975771962
"ENSMUSG00000020866";434.163965062398;1.0092779016315;0.194172829015273;5.1978328108518;2.01625342547072e-07;0.00022504748650629
"ENSMUSG00000020893";822.567677490029;0.739444589864981;0.174908422172491;4.22760997258186;2.36186744415565e-05;0.010784608822848
"ENSMUSG00000021071";165.155201168282;0.979898104879128;0.263397461035628;3.72022608352547;0.000199044517098686;0.0567643389129821
"ENSMUSG00000021390";3765.54492285687;0.514114006866095;0.117914784032869;4.36004705502225;1.3003447873138e-05;0.00669877618510809
"ENSMUSG00000021508";494.762863736777;-1.1311207932204;0.309183151455262;-3.65841666305698;0.000253778232602514;0.0645399806483178
"ENSMUSG00000022537";179.817095495599;0.785810026404788;0.201265172716491;3.90435173556681;9.44782906376488e-05;0.0327269540896724
"ENSMUSG00000022687";929.505927560374;0.541527369886703;0.139222660189264;3.88964963857559;0.000100389052000815;0.033615274062473
"ENSMUSG00000022935";223.608438830862;-1.20498233307465;0.235369977662785;-5.11952435497545;3.06307212311532e-07;0.000293048485835761
"ENSMUSG00000022991";57.7743351563818;-1.56118573870667;0.324633469127314;-4.80907203716079;1.51632559011642e-06;0.00108801776539389
"ENSMUSG00000023034";379.279305623614;0.785926731333897;0.207243573634298;3.79228517223286;0.000149267362477237;0.0461373935312334
"ENSMUSG00000023439";125.911758024947;-1.14569289829687;0.318364238006059;-3.59868591231364;0.000319829175373736;0.0747173018887643
"ENSMUSG00000024835";111.42971983104;1.85404251597703;0.288258290793138;6.43187923884395;1.26035860451048e-10;3.16523309040252e-07
"ENSMUSG00000024843";325.737302307589;0.593340518296191;0.159441884702332;3.72135916107566;0.000198153370942796;0.0567643389129821
"ENSMUSG00000025059";574.851497216122;-0.969337861838946;0.277538038028404;-3.49263066325973;0.000478287535143169;0.0980538251894022
"ENSMUSG00000025491";2365.81536292275;-0.953314064881774;0.257546684922123;-3.70151945527871;0.000214312220033644;0.0581477972348742
"ENSMUSG00000026180";44.3264961638434;-3.21595505307389;0.715904484794327;-4.49215659543997;7.05055489367154e-06;0.004047219953393
"ENSMUSG00000027217";487.088848394501;0.629539258932541;0.171469205107445;3.67144210260999;0.000241185719359854;0.062735802995908
"ENSMUSG00000028222";25.8787653234554;-2.53019106428863;0.707181923824243;-3.57785030845537;0.000346431748782704;0.0777309091319406
"ENSMUSG00000028593";19.4108787628222;-2.98320432297381;0.703195348787047;-4.24235502711954;2.21186420695936e-05;0.010334549716749
"ENSMUSG00000028909";908.824314888607;0.681811607302928;0.166036610064024;4.10639320472768;4.01885139363819e-05;0.0164781108876704
"ENSMUSG00000029343";21.4296557148782;-4.190406300255;0.90689551815597;-4.62060536893548;3.82621957453003e-06;0.00240226804599634
"ENSMUSG00000029882";54.4160465481501;7.27230657684714;1.43017283098178;5.08491450774859;3.67791698041936e-07;0.00033587740933457
"ENSMUSG00000030306";1160.25154854653;0.446259934491541;0.125455992623677;3.55710337273534;0.000374966631328152;0.0799156206342164
"ENSMUSG00000030413";1740.41122080651;-0.862537413642589;0.242809950678234;-3.55231493286535;0.000381857527295046;0.0799156206342164
"ENSMUSG00000031089";685.365968394355;-0.98388346435817;0.269645519738087;-3.64880330781628;0.000263464719560079;0.0661658710085194
"ENSMUSG00000031486";1567.91353800033;0.453270649168889;0.122562603045058;3.69827857688573;0.000217066586661468;0.0581477972348742
"ENSMUSG00000031825";2847.48961005278;0.546474302922451;0.112204826297786;4.87032796140279;1.11413169867611e-06;0.000860923844542377
"ENSMUSG00000031896";27.420944265877;4.21645890024086;0.933660756074125;4.51605026002197;6.30037169353295e-06;0.00372296375572855
"ENSMUSG00000031957";370.717036519789;10.9457205829574;2.32451317914489;4.70882276820815;2.49151588342029e-06;0.00166856818712657
"ENSMUSG00000032068";1214.17021437341;-1.49306379443188;0.243733209418595;-6.12581189897535;9.02223440367009e-10;2.01406346004595e-06
"ENSMUSG00000032257";68.9981013369412;-1.37674718794787;0.375244198224816;-3.66893664035555;0.000243561427190325;0.062735802995908
"ENSMUSG00000032303";39.2527936112796;-2.05124783711749;0.381363249244111;-5.37872446068994;7.50154145941867e-08;9.41959184132378e-05
"ENSMUSG00000032496";134.826523517526;-1.17515479456178;0.237627979619955;-4.94535532575432;7.60050999635539e-07;0.000610807385347105
"ENSMUSG00000033501";60.6355178322237;-6.26222023833958;1.31819195555315;-4.75061330177195;2.02800625136165e-06;0.00140498874469334
"ENSMUSG00000033863";1184.86472894185;0.834909766036098;0.204548812478928;4.08171407067986;4.47047746708812e-05;0.0179632725582535
"ENSMUSG00000034739";3251.51795267772;0.791319305364736;0.148131508545434;5.34200531092295;9.19239612045237e-08;0.00010863790026824
"ENSMUSG00000035200";461.497754493163;-0.871960372252787;0.16976739156909;-5.13620645398162;2.80339682137615e-07;0.000281615227691341
"ENSMUSG00000037266";1893.79315565222;0.779270700324922;0.18576768024187;4.19486693977288;2.73031819034804e-05;0.0121899606138406
"ENSMUSG00000038375";4821.25689541342;-0.433262558500071;0.120003307897523;-3.61042179662295;0.000305699465169028;0.0737912614189828
"ENSMUSG00000038754";11.4752781916225;-4.52112929371613;1.03249732356427;-4.37882906863993;1.19318669740805e-05;0.00630850366779606
"ENSMUSG00000040229";130.227258574707;-0.946778708983044;0.25333974627005;-3.73718977350604;0.000186088473049327;0.0549809340005003
"ENSMUSG00000042179";93.5742319426813;9.92199805043342;2.47954534243181;4.00153926634891;6.29317488608006e-05;0.0234141067844879
"ENSMUSG00000044103";31.7266478981103;-1.8886326870464;0.489657694657154;-3.85704688735418;0.000114765154559542;0.0365991542897741
"ENSMUSG00000044594";299.015375071225;-1.5182400880444;0.313845453411922;-4.83754048860383;1.31455613079329e-06;0.00097817582310252
"ENSMUSG00000044976";29.5689304701748;1.74171191044071;0.428920450791556;4.06068749397807;4.89284264426701e-05;0.0189042503011478
"ENSMUSG00000045027";166.923510031906;-1.07355252622679;0.297566418067554;-3.60777446997755;0.000308834759602428;0.0737912614189828
"ENSMUSG00000047139";1646.06460963067;-0.7339856555091;0.204419525291378;-3.59058487423294;0.000329936768446682;0.0761926392512906
"ENSMUSG00000047759";539.032564069215;0.699682402270615;0.168521018488023;4.1518999146112;3.29726465859317e-05;0.013801113386624
"ENSMUSG00000047880";247.025053446834;-4.07441352406927;0.264238288233294;-15.4194668430186;1.2109998412147e-53;8.11006593661487e-50
"ENSMUSG00000048368";356.192903233436;0.615338550278434;0.173092052829409;3.55497863836001;0.000378009799379795;0.0799156206342164
"ENSMUSG00000053128";383.860511142342;0.633719145804064;0.177005474126431;3.58022343055567;0.000343300535151614;0.0777309091319406
"ENSMUSG00000053907";154.932588772551;2.8973859115204;0.252021965442014;11.4965610495052;1.37276585989385e-30;6.89505972278184e-27
"ENSMUSG00000054446";82.3115640215489;8.7721439785424;2.3592074555409;3.71825884067121;0.000200600670092167;0.0567643389129821
"ENSMUSG00000055116";119.153573838094;0.870156389825179;0.247181570223129;3.52031257443545;0.000431038506397226;0.0892782951755326
"ENSMUSG00000057465";8.02420814062427;-5.52764430707894;1.47450512332502;-3.74881322529017;0.000177673338526796;0.0532781349901769
"ENSMUSG00000059412";185.16414301469;-1.93993160795223;0.224473687680802;-8.64213364156419;5.51728385922444e-18;2.21695500031356e-14
"ENSMUSG00000060143";366.291561474415;-1.46377038146823;0.375392085286086;-3.89931071762658;9.64669158677947e-05;0.0328494374016926
"ENSMUSG00000062760";430.046266673384;0.656249393339713;0.17338522156363;3.78492115661011;0.000153757316738403;0.0468051250089584
"ENSMUSG00000063681";117.295522848854;-1.16811349907138;0.287256493954436;-4.06644766491045;4.77351989843288e-05;0.0188048604469441
"ENSMUSG00000063903";11.1591909206787;4.9498128076193;1.36757861549852;3.61939909817541;0.000295287922952422;0.0732423414819396
"ENSMUSG00000066975";30.0723724311873;-3.5250840766779;0.772253681440155;-4.56467111960421;5.00277993462855e-06;0.00304578338383704
"ENSMUSG00000067149";336.671374502993;-1.14759974871593;0.222336300814389;-5.16154916903994;2.44914542334183e-07;0.000258977793159793
"ENSMUSG00000067543";199.814124882616;1.5353169503864;0.253871965379934;6.0476033582074;1.47016351424726e-09;2.68518683315835e-06
"ENSMUSG00000071561";1095.66715535923;-1.5115881716358;0.25532264391714;-5.92030596442655;3.21343222712191e-09;5.38008890625886e-06
"ENSMUSG00000072476";44.0105649003739;-8.00759319386649;1.22104120949678;-6.55800404735449;5.45327295485491e-11;1.82602844893317e-07
"ENSMUSG00000072962";31.2976573830853;-1.67191730263344;0.454322902088147;-3.68001986021179;0.000233215789556385;0.0616518214207543
"ENSMUSG00000074489";9.17836004387586;-3.3948902913217;0.951520549967409;-3.56785808928454;0.000359911329694864;0.0785975926619512
"ENSMUSG00000076583";13.9943684088042;-3.36340575355275;0.866822978340202;-3.88015296963288;0.000104390790574383;0.0343822192365561
"ENSMUSG00000076609";1806.13825220658;-1.23142266989012;0.247163269788118;-4.98222357612345;6.28577476220957e-07;0.000526197919781469
"ENSMUSG00000079339";1237.37636244082;-0.958096622630837;0.250282666555941;-3.82805823437515;0.000129158201271594;0.0405455847148063
"ENSMUSG00000083116";13.5629304355393;-2.79176583024209;0.800715399016699;-3.48658940950862;0.000489221821456594;0.0982895561488443
"ENSMUSG00000086537";131.091669999296;0.967332252479607;0.244308130111097;3.95947630576077;7.51142960230531e-05;0.0265554644552354
"ENSMUSG00000087689";728.663588550622;-1.49237073012776;0.274584599892618;-5.43501249054531;5.47925940963807e-08;7.33892005326923e-05
"ENSMUSG00000089714";13.3447516887665;-3.99060001898292;0.862976491288682;-4.62422795900705;3.75996187393661e-06;0.00240226804599634
"ENSMUSG00000090015";28.7952987503084;5.75692320166987;0.946575752903155;6.08184097681918;1.18810377134196e-09;2.38701928700313e-06
"ENSMUSG00000091060";2160.46110890941;0.513927072462995;0.143780053707491;3.57439755523071;0.000351035219593478;0.0777309091319406
"ENSMUSG00000092258";2872.90766373333;0.522243165398978;0.146648019250221;3.56120163142396;0.000369161449145484;0.079750781449268
"ENSMUSG00000094694";61.0436189348678;-7.55015752353181;2.03831657362916;-3.70411427803336;0.000212130618337635;0.0581477972348742
"ENSMUSG00000095224";162.38337877503;0.881312906451664;0.19763874560128;4.45921119247358;8.22618353352395e-06;0.00459089592700082
"ENSMUSG00000095589";16.6768314642997;-4.30287681186792;1.03028500077935;-4.17639469526689;2.9616575227586e-05;0.0127206117987016
"ENSMUSG00000097554";2700.10479700831;-4.63980069051895;0.174073343357072;-26.6542860672323;1.59623490868699e-156;3.20699555504303e-152
"ENSMUSG00000097863";5.27013201786883;5.77606466368032;1.49291113551975;3.86899429326676;0.000109285199681189;0.0354136926902381
"ENSMUSG00000100801";2897.3316188828;-4.53104986485641;0.173974803543863;-26.0442878655932;1.56151257908853e-149;1.56861746132339e-145
"ENSMUSG00000101304";753.904591882554;-1.4356538245664;0.254337239156518;-5.64468588763326;1.65483098596893e-08;2.3748006670787e-05
"ENSMUSG00000101751";10.9195870460957;-3.67996362834036;0.854107879847546;-4.30854663113191;1.64330832383306e-05;0.00825392688353251
"ENSMUSG00000103953";5.93925105740884;-5.0827124092577;1.42228496158599;-3.57362451726267;0.000352073701209825;0.0777309091319406
"ENSMUSG00000107651";29.9895046007604;-5.95750437449934;0.921726942289042;-6.4634156832872;1.0236558463579e-10;2.93803851559667e-07
"ENSMUSG00000107874";50.7070344468429;1.56585529422909;0.43436048609214;3.60496717442418;0.000312192385675852;0.0737912614189828
"ENSMUSG00000108591";45.9773827568016;2.85544808426665;0.568877409312734;5.01944362268901;5.18213509251056e-07;0.000452670765841868
"ENSMUSG00000110899";570.865012166069;-1.00954252493175;0.241788632955916;-4.17531011524359;2.97580386510862e-05;0.0127206117987016
"ENSMUSG00000114051";482.032576820125;0.647269700751993;0.152126960456557;4.25479940445423;2.09236510569677e-05;0.0100089779377509
"ENSMUSG00000114433";661.562704493856;0.607012339073433;0.138556563982314;4.38097136380282;1.18151400189283e-05;0.00630850366779606
